  -73.9925954  40.7241427
  -73.9923299  40.7248907
  -73.9920617  40.7256489
  -73.991788   40.7263908
  -73.9915387  40.727088
  -73.9916003  40.7271124
  -73.9914635  40.7275759
  -73.9914314  40.7277405
  -73.9911944  40.7284919
  -73.9911416  40.7286592
  -73.9907017  40.7298849
  -73.9904979  40.7305556
  -73.9919248  40.7311674
  -73.9914582  40.7317345
  -73.9907555  40.7348137
  -73.9887732  40.7339641
  -73.9871857  40.7332999
  -73.9849365  40.7323588
  -73.9825505  40.7313605
  -73.9803566  40.7304255
  -73.9761706  40.7286669
  -73.9757461  40.7284604
  -73.9714435  40.7266002
  -73.9714736  40.7264229
  -73.9717145  40.7250025
  -73.9724574  40.7217745
  -73.9732566  40.7187272
  -73.9750887  40.7188838
  -73.9772317  40.7193229
  -73.9787941  40.7199587
  -73.986303   40.7222237
  -73.9912207  40.7237235
  -73.9925954  40.7241427