  -73.9941524  40.7733787
  -73.9939928  40.7733086
  -73.993569   40.7729369
  -73.9932257  40.7727558
  -73.9931541  40.7727264
  -73.9925689  40.7724865
  -73.9925308  40.7724709
  -73.9920428  40.7722713
  -73.9917767  40.7721615
  -73.9904508  40.7716133
  -73.990321   40.7715585
  -73.9877473  40.7704684
  -73.9875948  40.7704036
  -73.9874966  40.770363
  -73.9871998  40.7702404
  -73.9858618  40.7696849
  -73.9855076  40.7695379
  -73.9848913  40.7692819
  -73.9847685  40.769231
  -73.9847607  40.7692277
  -73.9843204  40.7698506
  -73.9844508  40.7699151
  -73.9866272  40.7708566
  -73.9866954  40.7708842
  -73.9870094  40.7710128
  -73.9871245  40.7710474
  -73.9870674  40.771126
  -73.9869012  40.7713534
  -73.9867169  40.7716059
  -73.986677   40.7716605
  -73.9866311  40.7717215
  -73.986278   40.7722069
  -73.9862242  40.7722805
  -73.9861603  40.7723679
  -73.985756   40.7729216
  -73.9853552  40.7734853
  -73.9853181  40.7735306
  -73.9852623  40.7736045
  -73.984914   40.7740817
  -73.9848524  40.7741641
  -73.984808   40.7742265
  -73.9846511  40.7744405
  -73.9843888  40.7748013
  -73.9835963  40.7744575
  -73.9824514  40.7739793
  -73.9823188  40.7739227
  -73.9821235  40.7738424
  -73.9816979  40.77366
  -73.9815824  40.773612
  -73.9814025  40.77353
  -73.9818826  40.7729186
  -73.9818531  40.7712753
  -73.9819268  40.7712972
  -73.9820496  40.7713507
  -73.9822603  40.7714348
  -73.982377   40.7714886
  -73.9828175  40.7716742
  -73.9829448  40.7717222
  -73.9834109  40.7710965
  -73.9832819  40.7710427
  -73.9831973  40.7710074
  -73.9830135  40.7709308
  -73.9829364  40.7708987
  -73.9827741  40.770831
  -73.9826808  40.7707921
  -73.9822476  40.7706115
  -73.9820391  40.7705246
  -73.981913   40.7704725
  -73.9817453  40.7704021
  -73.9815301  40.7703123
  -73.9813224  40.7702258
  -73.9806873  40.7699613
  -73.9805837  40.7699178
  -73.9805436  40.7699771
  -73.9803719  40.7701961
  -73.9801579  40.7704797
  -73.9801168  40.7705364
  -73.9800722  40.7705974
  -73.9798134  40.7709512
  -73.9797004  40.7711057
  -73.9796589  40.7711608
  -73.9796159  40.7712179
  -73.9795207  40.7713495
  -73.9792408  40.7717335
  -73.9792016  40.7717854
  -73.9791577  40.7718435
  -73.9787826  40.7723598
  -73.9787387  40.7724211
  -73.9787168  40.7724524
  -73.9786834  40.7725006
  -73.9783281  40.7729846
  -73.978289   40.7730391
  -73.9782438  40.7731006
  -73.9778733  40.7736051
  -73.9778345  40.7736592
  -73.9777895  40.7737221
  -73.9774134  40.7742362
  -73.9773737  40.774293
  -73.9773339  40.7743496
  -73.9769627  40.7748623
  -73.9769198  40.7749199
  -73.9768787  40.7749753
  -73.9765055  40.7754862
  -73.9764626  40.7755427
  -73.9764204  40.7755995
  -73.9760603  40.7760958
  -73.9760303  40.7761359
  -73.975963   40.7762266
  -73.9758997  40.7763121
  -73.9755068  40.7768546
  -73.9754712  40.7769031
  -73.975442   40.7769426
  -73.9750388  40.7774869
  -73.9749993  40.7775416
  -73.9749628  40.7775922
  -73.9745824  40.7781184
  -73.9745417  40.7781744
  -73.974502   40.7782297
  -73.9741176  40.7787616
  -73.9740803  40.7788134
  -73.9740374  40.7788725
  -73.9736738  40.7793764
  -73.9736486  40.7794104
  -73.9735934  40.7794865
  -73.9735358  40.779566
  -73.9726981  40.7807149
  -73.9720656  40.7815755
  -73.9718127  40.7819198
  -73.9717224  40.7820388
  -73.9716479  40.7821384
  -73.9712933  40.7826372
  -73.9712708  40.7826689
  -73.971237   40.7827163
  -73.9711974  40.7827717
  -73.9708126  40.783302
  -73.9707756  40.7833528
  -73.9707295  40.7834159
  -73.9703541  40.7839304
  -73.9703125  40.7839869
  -73.970264   40.7840515
  -73.9698866  40.7845721
  -73.9698495  40.784623
  -73.9698013  40.7846848
  -73.9696855  40.7848398
  -73.9694091  40.7852039
  -73.9693444  40.7852965
  -73.9692709  40.7854012
  -73.9688909  40.7859234
  -73.9688537  40.7859742
  -73.9688136  40.7860311
  -73.9684311  40.7865517
  -73.9683927  40.786605
  -73.9683486  40.7866638
  -73.9679789  40.7871816
  -73.9679404  40.787235
  -73.9678961  40.7872934
  -73.967514   40.7878081
  -73.9674683  40.7878716
  -73.9674218  40.7879373
  -73.9670646  40.7884375
  -73.967021   40.7885002
  -73.9669851  40.7885487
  -73.9666014  40.7890673
  -73.9665628  40.7891218
  -73.9665257  40.7891735
  -73.9661503  40.7896838
  -73.9661041  40.7897447
  -73.9660676  40.7897946
  -73.9656836  40.7903238
  -73.9656483  40.7903702
  -73.965607   40.7904251
  -73.9652262  40.7909467
  -73.9651883  40.7909985
  -73.9651495  40.7910513
  -73.9647609  40.7915874
  -73.964694   40.7916758
  -73.9646332  40.7917586
  -73.9644503  40.792013
  -73.9642608  40.7922715
  -73.9641772  40.7923773
  -73.9628541  40.7942085
  -73.9623766  40.794859
  -73.9619156  40.7954892
  -73.9610361  40.7966911
  -73.9609956  40.7967466
  -73.9609521  40.7968042
  -73.9605776  40.7973169
  -73.9605349  40.7973764
  -73.9604907  40.7974335
  -73.960423   40.7975294
  -73.9601116  40.7979549
  -73.9600437  40.7980478
  -73.9599624  40.798159
  -73.9595472  40.7987264
  -73.9591262  40.7993018
  -73.9590861  40.7993567
  -73.958662   40.7999364
  -73.9586275  40.7999836
  -73.9583809  40.8003221
  -73.9581864  40.8005848
  -73.9585433  40.8006979
  -73.9596504  40.8011565
  -73.959744   40.8011983
  -73.9599846  40.8013041
  -73.9608551  40.8016942
  -73.9609518  40.8017363
  -73.9610669  40.8017902
  -73.9611713  40.8018388
  -73.9628762  40.8025579
  -73.9636774  40.8028869
  -73.9637307  40.8029096
  -73.963849   40.8029617
  -73.9640053  40.8030305
  -73.9641698  40.803103
  -73.9644005  40.8032005
  -73.965592   40.803704
  -73.966062   40.8039024
  -73.9664499  40.8040649
  -73.9665115  40.8040925
  -73.9666013  40.8041328
  -73.9667983  40.8042152
  -73.9680127  40.804723
  -73.971296   40.8061801
  -73.9772102  40.7978373
  -73.9849001  40.7869124
  -73.9860535  40.7869104
  -73.9874616  40.7852654
  -73.9873543  40.7847211
  -73.9866114  40.7844124
  -73.9894626  40.7801474
  -73.9917022  40.7800276
  -73.9920616  40.779469
  -73.9916217  40.7793005
  -73.9895484  40.7794081
  -73.9906079  40.7778503
  -73.991206   40.77783
  -73.9928234  40.7755815
  -73.9928877  40.775157
  -73.9941524  40.7733787