
  -74.035443   40.685125
  -74.0344951  40.6866935
  -74.0263901  40.700102
  -74.023637   40.718068
  -74.0213403  40.7275071
  -74.0206386  40.7303906
  -74.0174387  40.7435392
  -74.0142459  40.7566558
  -74.014028   40.757551
  -74.0016207  40.7745491
  -74.0004488  40.7761545
  -73.9930017  40.7863546
  -73.9916947  40.7881446
  -73.9848673  40.7974944
  -73.9772946  40.8078634
  -73.963577   40.826642
  -73.9587238  40.8376892
  -73.9541923  40.8480026
  -73.952829   40.851105
  -73.9483347  40.8584473
  -73.933907   40.882012
  -73.9253     40.87902
  -73.925254   40.879004
  -73.9249858  40.8789176
  -73.924928   40.878899
  -73.924761   40.87887
  -73.9219231  40.878381
  -73.921873   40.878372
  -73.921695   40.87824
  -73.920907   40.877504
  -73.920269   40.876863
  -73.91992    40.876531
  -73.919855   40.87647
  -73.919642   40.876327
  -73.919287   40.876153
  -73.9187991  40.875961
  -73.918457   40.875858
  -73.9183897  40.8758436
  -73.917916   40.875742
  -73.9178453  40.8757074
  -73.917767   40.875669
  -73.9176836  40.8756705
  -73.917598   40.875672
  -73.917396   40.875745
  -73.917279   40.875769
  -73.916957   40.875792
  -73.916502   40.875769
  -73.916437   40.875754
  -73.916377   40.875711
  -73.916284   40.875687
  -73.91623    40.875688
  -73.916216   40.875689
  -73.916187   40.87569
  -73.916185   40.875689
  -73.9161787  40.8756893
  -73.916163   40.87569
  -73.916024   40.875728
  -73.915578   40.875696
  -73.915336   40.875808
  -73.91522    40.875923
  -73.915177   40.876079
  -73.914997   40.87649
  -73.914773   40.876719
  -73.914213   40.877134
  -73.912693   40.877768
  -73.912437   40.878027
  -73.912149   40.878432
  -73.911874   40.878958
  -73.911584   40.87914
  -73.9111951  40.879198
  -73.910865   40.879171
  -73.909932   40.878842
  -73.909616   40.878754
  -73.909561   40.8783
  -73.9094221  40.87812
  -73.909126   40.877998
  -73.908941   40.877642
  -73.908704   40.877596
  -73.908408   40.877613
  -73.908183   40.877538
  -73.907875   40.877168
  -73.907858   40.87683
  -73.907433   40.876412
  -73.907249   40.876308
  -73.906894   40.876287
  -73.906769   40.87598
  -73.90695    40.875047
  -73.907353   40.874351
  -73.907371   40.873963
  -73.907249   40.873772
  -73.907451   40.873398
  -73.907726   40.873247
  -73.908055   40.872965
  -73.908124   40.872802
  -73.908412   40.872698
  -73.908666   40.872978
  -73.908902   40.873034
  -73.909117   40.872919
  -73.9092528  40.8726696
  -73.909264   40.872649
  -73.9093321  40.87254
  -73.909148   40.871724
  -73.909194   40.871104
  -73.909337   40.870314
  -73.90949    40.869605
  -73.909711   40.868926
  -73.910336   40.867669
  -73.91078    40.86684
  -73.9113191  40.866007
  -73.91186    40.865223
  -73.913396   40.863342
  -73.913623   40.863145
  -73.914244   40.862501
  -73.914333   40.86239
  -73.918224   40.858456
  -73.918948   40.857699
  -73.920076   40.856589
  -73.920402   40.856093
  -73.9203641  40.855933
  -73.920605   40.855851
  -73.920794   40.855609
  -73.920497   40.855417
  -73.920476   40.855394
  -73.920597   40.855265
  -73.920875   40.855413
  -73.921527   40.854742
  -73.923448   40.852369
  -73.925114   40.849709
  -73.927091   40.847353
  -73.929128   40.844264
  -73.929339   40.843301
  -73.930104   40.841494
  -73.930996   40.839724
  -73.93287    40.836453
  -73.933215   40.8357016
  -73.933247   40.835632
  -73.933651   40.834053
  -73.933796   40.832958
  -73.933763   40.831686
  -73.933106   40.825949
  -73.932828   40.823366
  -73.932737   40.820893
  -73.9326322  40.8189744
  -73.932591   40.818222
  -73.932532   40.816053
  -73.932705   40.812575
  -73.932828   40.811948
  -73.9327471  40.811531
  -73.932743   40.811511
  -73.932676   40.811164
  -73.932608   40.811006
  -73.932556   40.810886
  -73.932666   40.810749
  -73.932656   40.810579
  -73.932663   40.810554
  -73.932812   40.810424
  -73.932847   40.810394
  -73.932857   40.810327
  -73.932838   40.810167
  -73.932816   40.810128
  -73.932768   40.810097
  -73.9325951  40.810052
  -73.932597   40.810016
  -73.932626   40.80966
  -73.932621   40.80934
  -73.932592   40.809131
  -73.9325     40.80882
  -73.9323641  40.808519
  -73.932231   40.808303
  -73.93211    40.808146
  -73.931911   40.807937
  -73.9316551  40.807639
  -73.931277   40.807243
  -73.93096    40.806948
  -73.930526   40.806614
  -73.930526   40.806478
  -73.930446   40.806328
  -73.929963   40.805773
  -73.929031   40.804564
  -73.92871    40.804119
  -73.9280191  40.802774
  -73.927663   40.802399
  -73.92707    40.802195
  -73.926507   40.802173
  -73.923472   40.802304
  -73.923075   40.802231
  -73.922663   40.802119
  -73.922382   40.801995
  -73.9222     40.801915
  -73.921913   40.801781
  -73.921898   40.801772
  -73.921794   40.801689
  -73.921413   40.801369
  -73.921375   40.801319
  -73.921186   40.801031
  -73.920956   40.800694
  -73.920697   40.800201
  -73.92034    40.799729
  -73.920078   40.799512
  -73.919896   40.799392
  -73.919034   40.799011
  -73.918649   40.798807
  -73.918088   40.798616
  -73.9178591  40.798507
  -73.916392   40.797808
  -73.915757   40.797525
  -73.915523   40.797421
  -73.914169   40.796818
  -73.912528   40.796118
  -73.90975    40.790953
  -73.910513   40.790483
  -73.91171    40.789678
  -73.911996   40.789487
  -73.9125741  40.789099
  -73.912696   40.789017
  -73.914614   40.787409
  -73.915435   40.786586
  -73.915643   40.786378
  -73.915679   40.786376
  -73.920761   40.782162
  -73.9223451  40.780811
  -73.928236   40.777132
  -73.928695   40.776757
  -73.930038   40.776398
  -73.930643   40.776672
  -73.93115    40.777623
  -73.931708   40.777998
  -73.933184   40.778206
  -73.933803   40.778272
  -73.934558   40.77825
  -73.9348937  40.7780643
  -73.935903   40.777506
  -73.936347   40.777138
  -73.937062   40.776185
  -73.937838   40.774832
  -73.937898   40.774033
  -73.937825   40.773831
  -73.937389   40.772626
  -73.935941   40.772124
  -73.934819   40.771734
  -73.935226   40.770609
  -73.935903   40.770001
  -73.939826   40.768073
  -73.941379   40.767089
  -73.943339   40.765003
  -73.945698   40.761809
  -73.950663   40.755414
  -73.9508825  40.7551447
  -73.9510511  40.754938
  -73.9516141  40.754299
  -73.952027   40.75383
  -73.952159   40.75368
  -73.952428   40.753379
  -73.952792   40.752973
  -73.952964   40.75278
  -73.95339    40.752304
  -73.953426   40.752264
  -73.953444   40.752248
  -73.9537081  40.752018
  -73.954298   40.751455
  -73.954433   40.751282
  -73.954469   40.751235
  -73.954503   40.751138
  -73.954504   40.751136
  -73.954537   40.751035
  -73.954674   40.750879
  -73.954682   40.750808
  -73.956942   40.748882
  -73.957017   40.748818
  -73.958337   40.747076
  -73.95859    40.746742
  -73.959052   40.746132
  -73.959706   40.745133
  -73.961975   40.741296
  -73.9629781  40.738393
  -73.962547   40.736437
  -73.962112   40.734528
  -73.962298   40.734287
  -73.962413   40.73399
  -73.962406   40.732926
  -73.961465   40.730764
  -73.961271   40.729069
  -73.961259   40.728048
  -73.961741   40.726686
  -73.961758   40.725784
  -73.960167   40.725314
  -73.957988   40.724504
  -73.9579351  40.724485
  -73.957976   40.724042
  -73.958117   40.724228
  -73.960688   40.725147
  -73.96078    40.725171
  -73.960968   40.725124
  -73.961359   40.725189
  -73.961933   40.725286
  -73.96199    40.725228
  -73.962085   40.72513
  -73.962109   40.725105
  -73.961722   40.72487
  -73.9627691  40.7227582
  -73.963259   40.72177
  -73.963431   40.721423
  -73.964348   40.720222
  -73.964496   40.720044
  -73.965185   40.719277
  -73.965959   40.718415
  -73.9672391  40.71699
  -73.967286   40.716938
  -73.967699   40.715727
  -73.968588   40.713129
  -73.969061   40.711744
  -73.969626   40.710091
  -73.969853   40.709427
  -73.969863   40.708281
  -73.969867   40.707916
  -73.969307   40.707116
  -73.969253   40.707038
  -73.969262   40.706803
  -73.969312   40.705475
  -73.970129   40.705383
  -73.9700871  40.705752
  -73.970288   40.705753
  -73.970159   40.706916
  -73.970534   40.707306
  -73.97054    40.707313
  -73.97226    40.709102
  -73.972864   40.708824
  -73.977116   40.706533
  -73.97912    40.706065
  -73.98087    40.705937
  -73.980878   40.70589
  -73.980909   40.705713
  -73.982448   40.705586
  -73.982763   40.70556
  -73.983063   40.705535
  -73.983437   40.705504
  -73.9864     40.705259
  -73.990073   40.704956
  -73.990143   40.70495
  -73.990749   40.7049
  -73.993407   40.704626
  -73.994255   40.70403
  -73.994891   40.703583
  -73.995053   40.703424
  -73.9952301  40.703207
  -73.995347   40.703049
  -73.9965301  40.701445
  -73.996818   40.700965
  -73.9975941  40.699672
  -73.998159   40.698732
  -73.998542   40.698094
  -73.999061   40.697229
  -73.999334   40.696774
  -73.9995191  40.696465
  -73.999692   40.696177
  -74.000333   40.69498
  -74.001685   40.692455
  -74.001863   40.692177
  -74.002061   40.691869
  -74.002548   40.691113
  -74.002989   40.690427
  -74.003505   40.689626
  -74.003924   40.688974
  -74.004043   40.688789
  -74.0043651  40.688567
  -74.004848   40.688289
  -74.005746   40.687771
  -74.006809   40.687123
  -74.008071   40.686352
  -74.00829    40.686314
  -74.008575   40.686264
  -74.008663   40.686249
  -74.019577   40.679654
  -74.035443   40.685125
  